n	n:500	L50	min	N75	N50	N25	E-size	max	sum	name
test15-stats:82010	1	1	511	511	511	511	511	511	511	test15-scaffolds.fa
test18-stats:4970	806	151	500	1985	3527	5806	4317	16886	1744194	test18-scaffolds.fa
test21-stats:2875	257	35	504	8019	16330	30743	19232	50524	1898249	test21-scaffolds.fa
test24-stats:2469	222	35	526	8691	17093	30784	19731	54351	1909200	test24-scaffolds.fa
test27-stats:2269	216	34	504	9006	17243	30954	20423	54357	1912159	test27-scaffolds.fa
test30-stats:2119	204	32	503	9964	19532	30796	21597	56196	1919303	test30-scaffolds.fa
test33-stats:1871	209	30	509	10170	19672	32511	22277	45989	1925605	test33-scaffolds.fa
test36-stats:1713	202	29	515	10872	23650	36949	23520	57247	1931188	test36-scaffolds.fa
test39-stats:1617	200	29	500	11033	20737	36952	23734	57251	1934228	test39-scaffolds.fa
test42-stats:1461	186	26	506	11645	25289	41490	27239	75119	1936518	test42-scaffolds.fa
test45-stats:1374	187	27	502	12312	24205	37157	27233	88996	1942229	test45-scaffolds.fa
test48-stats:1246	182	29	505	12315	22084	32444	25599	88958	1941662	test48-scaffolds.fa
